1.49
1.39
1.62
1.23
1.66
1.63
1.2
1.3
1.02
1.41
1.43
1.63
2.06
1.58
0.91
0.89
1.29
1.33
1.12
1.41
0.9
1.23
0.86
1.07
1.36
1.34
1.3
1.5
1.47
1.07
1.31
1.55
2.08
2.12
3.11
2.18
2.41
3.09
3.84
4.98
6.62
4.99
6.28
6.35
6.36
7.91
9.17
9.6
11.57
9.31
11.33
11.55
13.3
15.13
16.33
16.74
16.81
18.32
17.19
19.11
19.07
21.7
21.91
21.04
17.75
21.24
21.41
24.92
16.54
22.62
23.21
15.52
21.64
19.11
22.87
20.83
22.89
22.07
20.03
19.82
21.83
19.99
17.09
16.09
15.74
12.3
12.88
13.17
12.38
11.26
11.36
11.63
9.49
10.34
10.72
10.09
9.27
9.32
10.17
8.7
8.64
8.94
9.38
9.15
8.35
8.69
7.96
8.64
8.11
7.19
8.01
8.97
7.13
6.54
8.22
9.41
10.47
9.51
10.44
7.26
7.01
11.74
12.0
11.92
12.94
10.57
10.46
10.37
13.77
10.66
10.09
13.06
11.14
7.18
7.04
9.03
6.5
6.04
6.4
7.28
3.85
4.86
5.92
5.78
4.83
5.93
7.9
5.12
5.12
6.25
5.56
4.64
5.87
6.37