
233
242
252
270
268
273
268
275
279
286
273
278
280
290
292
294
304
316
307
302
319
328
341
334
330
342
333
337
348
340
333
341
335
335
346
360
379
402
415
452
481
513
608
709
798
905
1039
1175
1249
1391
1655
1841
2197
2366
2557
2701
2986
3364
3700
4068
4425
4664
4841
5215
5525
5840
6133
6423
6875
7084
7390
7671
7829
8120
8438
8618
8756
9045
9226
9206
9234
9250
9340
9276
9292
9056
8930
8794
8535
8307
8339
8218
8077
7861
7614
7359
7179
7143
6954
6493
6361
6150
6006
5873
5738
5652
5575
5404
5258
5087
4924
4793
4830
4779
4699
4498
4352
4309
4303
4132
4098
3926
3839
3784
3756
3711
3819
3895
3836
3902
4033
4057
3984
4107
4113
4082
4067
4118
4062
4002
4044
4078
4055
3987
3897
3833
3819
3922
3950
3908
3869
3831