
21
22
27
26
23
25
26
27
27
30
27
27
28
28
29
30
32
32
36
38
36
34
33
31
30
30
31
31
33
34
35
39
42
39
41
40
40
41
44
44
48
50
62
64
72
71
96
110
113
123
134
156
184
213
231
242
271
292
345
370
392
418
435
475
507
522
570
610
650
670
708
764
782
801
817
837
855
894
903
915
930
936
949
945
932
942
934
925
919
907
906
876
855
836
822
805
807
781
767
766
748
733
717
714
685
656
629
611
602
592
583
561
540
536
521
522
513
508
512
498
481
489
487
491
489
484
475
471
473
466
456
459
462
466
462
468
466
454
452
449
425
428
411
408
398
405
407
392
377
371
379
377